1	2
1	52
2	3
2	53
3	4
3	54
4	5
4	55
5	6
5	56
6	7
6	57
7	8
7	58
8	9
8	59
9	10
9	60
10	11
10	61
11	12
11	62
12	13
12	63
13	14
13	64
14	15
14	65
15	16
15	66
16	17
16	67
17	18
17	68
18	19
18	69
19	20
19	70
20	21
20	71
21	22
21	72
22	23
22	73
23	24
23	74
24	25
24	75
25	26
25	76
26	27
26	77
27	28
27	78
28	29
28	79
29	30
29	80
30	31
30	81
31	32
31	82
32	33
32	83
33	34
33	84
34	35
34	85
35	36
35	86
36	37
36	87
37	38
37	88
38	39
38	89
39	40
39	90
40	41
40	91
41	42
41	92
42	43
42	93
43	44
43	94
44	45
44	95
45	46
45	96
46	47
46	97
47	48
47	98
48	49
48	99
49	50
49	100
50	51
50	101
51	102
52	53
52	103
53	54
53	104
54	55
54	105
55	56
55	106
56	57
56	107
57	58
57	108
58	59
58	109
59	60
59	110
60	61
60	111
61	62
61	112
62	63
62	113
63	64
63	114
64	65
64	115
65	66
65	116
66	67
66	117
67	68
67	118
68	69
68	119
69	70
69	120
70	71
70	121
71	72
71	122
72	73
72	123
73	74
73	124
74	75
74	125
75	76
75	126
76	77
76	127
77	78
77	128
78	79
78	129
79	80
79	130
80	81
80	131
81	82
81	132
82	83
82	133
83	84
83	134
84	85
84	135
85	86
85	136
86	87
86	137
87	88
87	138
88	89
88	139
89	90
89	140
90	91
90	141
91	92
91	142
92	93
92	143
93	94
93	144
94	95
94	145
95	96
95	146
96	97
96	147
97	98
97	148
98	99
98	149
99	100
99	150
100	101
100	151
101	102
101	152
102	153
103	104
103	154
104	105
104	155
105	106
105	156
106	107
106	157
107	108
107	158
108	109
108	159
109	110
109	160
110	111
110	161
111	112
111	162
112	113
112	163
113	114
113	164
114	115
114	165
115	116
115	166
116	117
116	167
117	118
117	168
118	119
118	169
119	120
119	170
120	121
120	171
121	122
121	172
122	123
122	173
123	124
123	174
124	125
124	175
125	126
125	176
126	127
126	177
127	128
127	178
128	129
128	179
129	130
129	180
130	131
130	181
131	132
131	182
132	133
132	183
133	134
133	184
134	135
134	185
135	136
135	186
136	137
136	187
137	138
137	188
138	139
138	189
139	140
139	190
140	141
140	191
141	142
141	192
142	143
142	193
143	144
143	194
144	145
144	195
145	146
145	196
146	147
146	197
147	148
147	198
148	149
148	199
149	150
149	200
150	151
150	201
151	152
151	202
152	153
152	203
153	204
154	155
154	205
155	156
155	206
156	157
156	207
157	158
157	208
158	159
158	209
159	160
159	210
160	161
160	211
161	162
161	212
162	163
162	213
163	164
163	214
164	165
164	215
165	166
165	216
166	167
166	217
167	168
167	218
168	169
168	219
169	170
169	220
170	171
170	221
171	172
171	222
172	173
172	223
173	174
173	224
174	175
174	225
175	176
175	226
176	177
176	227
177	178
177	228
178	179
178	229
179	180
179	230
180	181
180	231
181	182
181	232
182	183
182	233
183	184
183	234
184	185
184	235
185	186
185	236
186	187
186	237
187	188
187	238
188	189
188	239
189	190
189	240
190	191
190	241
191	192
191	242
192	193
192	243
193	194
193	244
194	195
194	245
195	196
195	246
196	197
196	247
197	198
197	248
198	199
198	249
199	200
199	250
200	201
200	251
201	202
201	252
202	203
202	253
203	204
203	254
204	255
205	206
205	256
206	207
206	257
207	208
207	258
208	209
208	259
209	210
209	260
210	211
210	261
211	212
211	262
212	213
212	263
213	214
213	264
214	215
214	265
215	216
215	266
216	217
216	267
217	218
217	268
218	219
218	269
219	220
219	270
220	221
220	271
221	222
221	272
222	223
222	273
223	224
223	274
224	225
224	275
225	226
225	276
226	227
226	277
227	228
227	278
228	229
228	279
229	230
229	280
230	231
230	281
231	232
231	282
232	233
232	283
233	234
233	284
234	235
234	285
235	236
235	286
236	237
236	287
237	238
237	288
238	239
238	289
239	240
239	290
240	241
240	291
241	242
241	292
242	243
242	293
243	244
243	294
244	245
244	295
245	246
245	296
246	247
246	297
247	248
247	298
248	249
248	299
249	250
249	300
250	251
250	301
251	252
251	302
252	253
252	303
253	254
253	304
254	255
254	305
255	306
256	257
256	307
257	258
257	308
258	259
258	309
259	260
259	310
260	261
260	311
261	262
261	312
262	263
262	313
263	264
263	314
264	265
264	315
265	266
265	316
266	267
266	317
267	268
267	318
268	269
268	319
269	270
269	320
270	271
270	321
271	272
271	322
272	273
272	323
273	274
273	324
274	275
274	325
275	276
275	326
276	277
276	327
277	278
277	328
278	279
278	329
279	280
279	330
280	281
280	331
281	282
281	332
282	283
282	333
283	284
283	334
284	285
284	335
285	286
285	336
286	287
286	337
287	288
287	338
288	289
288	339
289	290
289	340
290	291
290	341
291	292
291	342
292	293
292	343
293	294
293	344
294	295
294	345
295	296
295	346
296	297
296	347
297	298
297	348
298	299
298	349
299	300
299	350
300	301
300	351
301	302
301	352
302	303
302	353
303	304
303	354
304	305
304	355
305	306
305	356
306	357
307	308
307	358
308	309
308	359
309	310
309	360
310	311
310	361
311	312
311	362
312	313
312	363
313	314
313	364
314	315
314	365
315	316
315	366
316	317
316	367
317	318
317	368
318	319
318	369
319	320
319	370
320	321
320	371
321	322
321	372
322	323
322	373
323	324
323	374
324	325
324	375
325	326
325	376
326	327
326	377
327	328
327	378
328	329
328	379
329	330
329	380
330	331
330	381
331	332
331	382
332	333
332	383
333	334
333	384
334	335
334	385
335	336
335	386
336	337
336	387
337	338
337	388
338	339
338	389
339	340
339	390
340	341
340	391
341	342
341	392
342	343
342	393
343	344
343	394
344	345
344	395
345	346
345	396
346	347
346	397
347	348
347	398
348	349
348	399
349	350
349	400
350	351
350	401
351	352
351	402
352	353
352	403
353	354
353	404
354	355
354	405
355	356
355	406
356	357
356	407
357	408
358	359
358	409
359	360
359	410
360	361
360	411
361	362
361	412
362	363
362	413
363	364
363	414
364	365
364	415
365	366
365	416
366	367
366	417
367	368
367	418
368	369
368	419
369	370
369	420
370	371
370	421
371	372
371	422
372	373
372	423
373	374
373	424
374	375
374	425
375	376
375	426
376	377
376	427
377	378
377	428
378	379
378	429
379	380
379	430
380	381
380	431
381	382
381	432
382	383
382	433
383	384
383	434
384	385
384	435
385	386
385	436
386	387
386	437
387	388
387	438
388	389
388	439
389	390
389	440
390	391
390	441
391	392
391	442
392	393
392	443
393	394
393	444
394	395
394	445
395	396
395	446
396	397
396	447
397	398
397	448
398	399
398	449
399	400
399	450
400	401
400	451
401	402
401	452
402	403
402	453
403	404
403	454
404	405
404	455
405	406
405	456
406	407
406	457
407	408
407	458
408	459
409	410
409	460
410	411
410	461
411	412
411	462
412	413
412	463
413	414
413	464
414	415
414	465
415	416
415	466
416	417
416	467
417	418
417	468
418	419
418	469
419	420
419	470
420	421
420	471
421	422
421	472
422	423
422	473
423	424
423	474
424	425
424	475
425	426
425	476
426	427
426	477
427	428
427	478
428	429
428	479
429	430
429	480
430	431
430	481
431	432
431	482
432	433
432	483
433	434
433	484
434	435
434	485
435	436
435	486
436	437
436	487
437	438
437	488
438	439
438	489
439	440
439	490
440	441
440	491
441	442
441	492
442	443
442	493
443	444
443	494
444	445
444	495
445	446
445	496
446	447
446	497
447	448
447	498
448	449
448	499
449	450
449	500
450	451
450	501
451	452
451	502
452	453
452	503
453	454
453	504
454	455
454	505
455	456
455	506
456	457
456	507
457	458
457	508
458	459
458	509
459	510
460	461
460	511
461	462
461	512
462	463
462	513
463	464
463	514
464	465
464	515
465	466
465	516
466	467
466	517
467	468
467	518
468	469
468	519
469	470
469	520
470	471
470	521
471	472
471	522
472	473
472	523
473	474
473	524
474	475
474	525
475	476
475	526
476	477
476	527
477	478
477	528
478	479
478	529
479	480
479	530
480	481
480	531
481	482
481	532
482	483
482	533
483	484
483	534
484	485
484	535
485	486
485	536
486	487
486	537
487	488
487	538
488	489
488	539
489	490
489	540
490	491
490	541
491	492
491	542
492	493
492	543
493	494
493	544
494	495
494	545
495	496
495	546
496	497
496	547
497	498
497	548
498	499
498	549
499	500
499	550
500	501
500	551
501	502
501	552
502	503
502	553
503	504
503	554
504	505
504	555
505	506
505	556
506	507
506	557
507	508
507	558
508	509
508	559
509	510
509	560
510	561
511	512
511	562
512	513
512	563
513	514
513	564
514	515
514	565
515	516
515	566
516	517
516	567
517	518
517	568
518	519
518	569
519	520
519	570
520	521
520	571
521	522
521	572
522	523
522	573
523	524
523	574
524	525
524	575
525	526
525	576
526	527
526	577
527	528
527	578
528	529
528	579
529	530
529	580
530	531
530	581
531	532
531	582
532	533
532	583
533	534
533	584
534	535
534	585
535	536
535	586
536	537
536	587
537	538
537	588
538	539
538	589
539	540
539	590
540	541
540	591
541	542
541	592
542	543
542	593
543	544
543	594
544	545
544	595
545	546
545	596
546	547
546	597
547	548
547	598
548	549
548	599
549	550
549	600
550	551
550	601
551	552
551	602
552	553
552	603
553	554
553	604
554	555
554	605
555	556
555	606
556	557
556	607
557	558
557	608
558	559
558	609
559	560
559	610
560	561
560	611
561	612
562	563
562	613
563	564
563	614
564	565
564	615
565	566
565	616
566	567
566	617
567	568
567	618
568	569
568	619
569	570
569	620
570	571
570	621
571	572
571	622
572	573
572	623
573	574
573	624
574	575
574	625
575	576
575	626
576	577
576	627
577	578
577	628
578	579
578	629
579	580
579	630
580	581
580	631
581	582
581	632
582	583
582	633
583	584
583	634
584	585
584	635
585	586
585	636
586	587
586	637
587	588
587	638
588	589
588	639
589	590
589	640
590	591
590	641
591	592
591	642
592	593
592	643
593	594
593	644
594	595
594	645
595	596
595	646
596	597
596	647
597	598
597	648
598	599
598	649
599	600
599	650
600	601
600	651
601	602
601	652
602	603
602	653
603	604
603	654
604	605
604	655
605	606
605	656
606	607
606	657
607	608
607	658
608	609
608	659
609	610
609	660
610	611
610	661
611	612
611	662
612	663
613	614
613	664
614	615
614	665
615	616
615	666
616	617
616	667
617	618
617	668
618	619
618	669
619	620
619	670
620	621
620	671
621	622
621	672
622	623
622	673
623	624
623	674
624	625
624	675
625	626
625	676
626	627
626	677
627	628
627	678
628	629
628	679
629	630
629	680
630	631
630	681
631	632
631	682
632	633
632	683
633	634
633	684
634	635
634	685
635	636
635	686
636	637
636	687
637	638
637	688
638	639
638	689
639	640
639	690
640	641
640	691
641	642
641	692
642	643
642	693
643	644
643	694
644	645
644	695
645	646
645	696
646	647
646	697
647	648
647	698
648	649
648	699
649	650
649	700
650	651
650	701
651	652
651	702
652	653
652	703
653	654
653	704
654	655
654	705
655	656
655	706
656	657
656	707
657	658
657	708
658	659
658	709
659	660
659	710
660	661
660	711
661	662
661	712
662	663
662	713
663	714
664	665
664	715
665	666
665	716
666	667
666	717
667	668
667	718
668	669
668	719
669	670
669	720
670	671
670	721
671	672
671	722
672	673
672	723
673	674
673	724
674	675
674	725
675	676
675	726
676	677
676	727
677	678
677	728
678	679
678	729
679	680
679	730
680	681
680	731
681	682
681	732
682	683
682	733
683	684
683	734
684	685
684	735
685	686
685	736
686	687
686	737
687	688
687	738
688	689
688	739
689	690
689	740
690	691
690	741
691	692
691	742
692	693
692	743
693	694
693	744
694	695
694	745
695	696
695	746
696	697
696	747
697	698
697	748
698	699
698	749
699	700
699	750
700	701
700	751
701	702
701	752
702	703
702	753
703	704
703	754
704	705
704	755
705	706
705	756
706	707
706	757
707	708
707	758
708	709
708	759
709	710
709	760
710	711
710	761
711	712
711	762
712	713
712	763
713	714
713	764
714	765
715	716
715	766
716	717
716	767
717	718
717	768
718	719
718	769
719	720
719	770
720	721
720	771
721	722
721	772
722	723
722	773
723	724
723	774
724	725
724	775
725	726
725	776
726	727
726	777
727	728
727	778
728	729
728	779
729	730
729	780
730	731
730	781
731	732
731	782
732	733
732	783
733	734
733	784
734	735
734	785
735	736
735	786
736	737
736	787
737	738
737	788
738	739
738	789
739	740
739	790
740	741
740	791
741	742
741	792
742	743
742	793
743	744
743	794
744	745
744	795
745	746
745	796
746	747
746	797
747	748
747	798
748	749
748	799
749	750
749	800
750	751
750	801
751	752
751	802
752	753
752	803
753	754
753	804
754	755
754	805
755	756
755	806
756	757
756	807
757	758
757	808
758	759
758	809
759	760
759	810
760	761
760	811
761	762
761	812
762	763
762	813
763	764
763	814
764	765
764	815
765	816
766	767
766	817
767	768
767	818
768	769
768	819
769	770
769	820
770	771
770	821
771	772
771	822
772	773
772	823
773	774
773	824
774	775
774	825
775	776
775	826
776	777
776	827
777	778
777	828
778	779
778	829
779	780
779	830
780	781
780	831
781	782
781	832
782	783
782	833
783	784
783	834
784	785
784	835
785	786
785	836
786	787
786	837
787	788
787	838
788	789
788	839
789	790
789	840
790	791
790	841
791	792
791	842
792	793
792	843
793	794
793	844
794	795
794	845
795	796
795	846
796	797
796	847
797	798
797	848
798	799
798	849
799	800
799	850
800	801
800	851
801	802
801	852
802	803
802	853
803	804
803	854
804	805
804	855
805	806
805	856
806	807
806	857
807	808
807	858
808	809
808	859
809	810
809	860
810	811
810	861
811	812
811	862
812	813
812	863
813	814
813	864
814	815
814	865
815	816
815	866
816	867
817	818
817	868
818	819
818	869
819	820
819	870
820	821
820	871
821	822
821	872
822	823
822	873
823	824
823	874
824	825
824	875
825	826
825	876
826	827
826	877
827	828
827	878
828	829
828	879
829	830
829	880
830	831
830	881
831	832
831	882
832	833
832	883
833	834
833	884
834	835
834	885
835	836
835	886
836	837
836	887
837	838
837	888
838	839
838	889
839	840
839	890
840	841
840	891
841	842
841	892
842	843
842	893
843	844
843	894
844	845
844	895
845	846
845	896
846	847
846	897
847	848
847	898
848	849
848	899
849	850
849	900
850	851
850	901
851	852
851	902
852	853
852	903
853	854
853	904
854	855
854	905
855	856
855	906
856	857
856	907
857	858
857	908
858	859
858	909
859	860
859	910
860	861
860	911
861	862
861	912
862	863
862	913
863	864
863	914
864	865
864	915
865	866
865	916
866	867
866	917
867	918
868	869
868	919
869	870
869	920
870	871
870	921
871	872
871	922
872	873
872	923
873	874
873	924
874	875
874	925
875	876
875	926
876	877
876	927
877	878
877	928
878	879
878	929
879	880
879	930
880	881
880	931
881	882
881	932
882	883
882	933
883	884
883	934
884	885
884	935
885	886
885	936
886	887
886	937
887	888
887	938
888	889
888	939
889	890
889	940
890	891
890	941
891	892
891	942
892	893
892	943
893	894
893	944
894	895
894	945
895	896
895	946
896	897
896	947
897	898
897	948
898	899
898	949
899	900
899	950
900	901
900	951
901	902
901	952
902	903
902	953
903	904
903	954
904	905
904	955
905	906
905	956
906	907
906	957
907	908
907	958
908	909
908	959
909	910
909	960
910	911
910	961
911	912
911	962
912	913
912	963
913	914
913	964
914	915
914	965
915	916
915	966
916	917
916	967
917	918
917	968
918	969
919	920
919	970
920	921
920	971
921	922
921	972
922	923
922	973
923	924
923	974
924	925
924	975
925	926
925	976
926	927
926	977
927	928
927	978
928	929
928	979
929	930
929	980
930	931
930	981
931	932
931	982
932	933
932	983
933	934
933	984
934	935
934	985
935	936
935	986
936	937
936	987
937	938
937	988
938	939
938	989
939	940
939	990
940	941
940	991
941	942
941	992
942	943
942	993
943	944
943	994
944	945
944	995
945	946
945	996
946	947
946	997
947	948
947	998
948	949
948	999
949	950
949	1000
950	951
950	1001
951	952
951	1002
952	953
952	1003
953	954
953	1004
954	955
954	1005
955	956
955	1006
956	957
956	1007
957	958
957	1008
958	959
958	1009
959	960
959	1010
960	961
960	1011
961	962
961	1012
962	963
962	1013
963	964
963	1014
964	965
964	1015
965	966
965	1016
966	967
966	1017
967	968
967	1018
968	969
968	1019
969	1020
970	971
970	1021
971	972
971	1022
972	973
972	1023
973	974
973	1024
974	975
974	1025
975	976
975	1026
976	977
976	1027
977	978
977	1028
978	979
978	1029
979	980
979	1030
980	981
980	1031
981	982
981	1032
982	983
982	1033
983	984
983	1034
984	985
984	1035
985	986
985	1036
986	987
986	1037
987	988
987	1038
988	989
988	1039
989	990
989	1040
990	991
990	1041
991	992
991	1042
992	993
992	1043
993	994
993	1044
994	995
994	1045
995	996
995	1046
996	997
996	1047
997	998
997	1048
998	999
998	1049
999	1000
999	1050
1000	1001
1000	1051
1001	1002
1001	1052
1002	1003
1002	1053
1003	1004
1003	1054
1004	1005
1004	1055
1005	1006
1005	1056
1006	1007
1006	1057
1007	1008
1007	1058
1008	1009
1008	1059
1009	1010
1009	1060
1010	1011
1010	1061
1011	1012
1011	1062
1012	1013
1012	1063
1013	1014
1013	1064
1014	1015
1014	1065
1015	1016
1015	1066
1016	1017
1016	1067
1017	1018
1017	1068
1018	1019
1018	1069
1019	1020
1019	1070
1020	1071
1021	1022
1021	1072
1022	1023
1022	1073
1023	1024
1023	1074
1024	1025
1024	1075
1025	1026
1025	1076
1026	1027
1026	1077
1027	1028
1027	1078
1028	1029
1028	1079
1029	1030
1029	1080
1030	1031
1030	1081
1031	1032
1031	1082
1032	1033
1032	1083
1033	1034
1033	1084
1034	1035
1034	1085
1035	1036
1035	1086
1036	1037
1036	1087
1037	1038
1037	1088
1038	1039
1038	1089
1039	1040
1039	1090
1040	1041
1040	1091
1041	1042
1041	1092
1042	1043
1042	1093
1043	1044
1043	1094
1044	1045
1044	1095
1045	1046
1045	1096
1046	1047
1046	1097
1047	1048
1047	1098
1048	1049
1048	1099
1049	1050
1049	1100
1050	1051
1050	1101
1051	1052
1051	1102
1052	1053
1052	1103
1053	1054
1053	1104
1054	1055
1054	1105
1055	1056
1055	1106
1056	1057
1056	1107
1057	1058
1057	1108
1058	1059
1058	1109
1059	1060
1059	1110
1060	1061
1060	1111
1061	1062
1061	1112
1062	1063
1062	1113
1063	1064
1063	1114
1064	1065
1064	1115
1065	1066
1065	1116
1066	1067
1066	1117
1067	1068
1067	1118
1068	1069
1068	1119
1069	1070
1069	1120
1070	1071
1070	1121
1071	1122
1072	1073
1072	1123
1073	1074
1073	1124
1074	1075
1074	1125
1075	1076
1075	1126
1076	1077
1076	1127
1077	1078
1077	1128
1078	1079
1078	1129
1079	1080
1079	1130
1080	1081
1080	1131
1081	1082
1081	1132
1082	1083
1082	1133
1083	1084
1083	1134
1084	1085
1084	1135
1085	1086
1085	1136
1086	1087
1086	1137
1087	1088
1087	1138
1088	1089
1088	1139
1089	1090
1089	1140
1090	1091
1090	1141
1091	1092
1091	1142
1092	1093
1092	1143
1093	1094
1093	1144
1094	1095
1094	1145
1095	1096
1095	1146
1096	1097
1096	1147
1097	1098
1097	1148
1098	1099
1098	1149
1099	1100
1099	1150
1100	1101
1100	1151
1101	1102
1101	1152
1102	1103
1102	1153
1103	1104
1103	1154
1104	1105
1104	1155
1105	1106
1105	1156
1106	1107
1106	1157
1107	1108
1107	1158
1108	1109
1108	1159
1109	1110
1109	1160
1110	1111
1110	1161
1111	1112
1111	1162
1112	1113
1112	1163
1113	1114
1113	1164
1114	1115
1114	1165
1115	1116
1115	1166
1116	1117
1116	1167
1117	1118
1117	1168
1118	1119
1118	1169
1119	1120
1119	1170
1120	1121
1120	1171
1121	1122
1121	1172
1122	1173
1123	1124
1123	1174
1124	1125
1124	1175
1125	1126
1125	1176
1126	1127
1126	1177
1127	1128
1127	1178
1128	1129
1128	1179
1129	1130
1129	1180
1130	1131
1130	1181
1131	1132
1131	1182
1132	1133
1132	1183
1133	1134
1133	1184
1134	1135
1134	1185
1135	1136
1135	1186
1136	1137
1136	1187
1137	1138
1137	1188
1138	1139
1138	1189
1139	1140
1139	1190
1140	1141
1140	1191
1141	1142
1141	1192
1142	1143
1142	1193
1143	1144
1143	1194
1144	1145
1144	1195
1145	1146
1145	1196
1146	1147
1146	1197
1147	1148
1147	1198
1148	1149
1148	1199
1149	1150
1149	1200
1150	1151
1150	1201
1151	1152
1151	1202
1152	1153
1152	1203
1153	1154
1153	1204
1154	1155
1154	1205
1155	1156
1155	1206
1156	1157
1156	1207
1157	1158
1157	1208
1158	1159
1158	1209
1159	1160
1159	1210
1160	1161
1160	1211
1161	1162
1161	1212
1162	1163
1162	1213
1163	1164
1163	1214
1164	1165
1164	1215
1165	1166
1165	1216
1166	1167
1166	1217
1167	1168
1167	1218
1168	1169
1168	1219
1169	1170
1169	1220
1170	1171
1170	1221
1171	1172
1171	1222
1172	1173
1172	1223
1173	1224
1174	1175
1174	1225
1175	1176
1175	1226
1176	1177
1176	1227
1177	1178
1177	1228
1178	1179
1178	1229
1179	1180
1179	1230
1180	1181
1180	1231
1181	1182
1181	1232
1182	1183
1182	1233
1183	1184
1183	1234
1184	1185
1184	1235
1185	1186
1185	1236
1186	1187
1186	1237
1187	1188
1187	1238
1188	1189
1188	1239
1189	1190
1189	1240
1190	1191
1190	1241
1191	1192
1191	1242
1192	1193
1192	1243
1193	1194
1193	1244
1194	1195
1194	1245
1195	1196
1195	1246
1196	1197
1196	1247
1197	1198
1197	1248
1198	1199
1198	1249
1199	1200
1199	1250
1200	1201
1200	1251
1201	1202
1201	1252
1202	1203
1202	1253
1203	1204
1203	1254
1204	1205
1204	1255
1205	1206
1205	1256
1206	1207
1206	1257
1207	1208
1207	1258
1208	1209
1208	1259
1209	1210
1209	1260
1210	1211
1210	1261
1211	1212
1211	1262
1212	1213
1212	1263
1213	1214
1213	1264
1214	1215
1214	1265
1215	1216
1215	1266
1216	1217
1216	1267
1217	1218
1217	1268
1218	1219
1218	1269
1219	1220
1219	1270
1220	1221
1220	1271
1221	1222
1221	1272
1222	1223
1222	1273
1223	1224
1223	1274
1224	1275
1225	1226
1225	1276
1226	1227
1226	1277
1227	1228
1227	1278
1228	1229
1228	1279
1229	1230
1229	1280
1230	1231
1230	1281
1231	1232
1231	1282
1232	1233
1232	1283
1233	1234
1233	1284
1234	1235
1234	1285
1235	1236
1235	1286
1236	1237
1236	1287
1237	1238
1237	1288
1238	1239
1238	1289
1239	1240
1239	1290
1240	1241
1240	1291
1241	1242
1241	1292
1242	1243
1242	1293
1243	1244
1243	1294
1244	1245
1244	1295
1245	1246
1245	1296
1246	1247
1246	1297
1247	1248
1247	1298
1248	1249
1248	1299
1249	1250
1249	1300
1250	1251
1250	1301
1251	1252
1251	1302
1252	1253
1252	1303
1253	1254
1253	1304
1254	1255
1254	1305
1255	1256
1255	1306
1256	1257
1256	1307
1257	1258
1257	1308
1258	1259
1258	1309
1259	1260
1259	1310
1260	1261
1260	1311
1261	1262
1261	1312
1262	1263
1262	1313
1263	1264
1263	1314
1264	1265
1264	1315
1265	1266
1265	1316
1266	1267
1266	1317
1267	1268
1267	1318
1268	1269
1268	1319
1269	1270
1269	1320
1270	1271
1270	1321
1271	1272
1271	1322
1272	1273
1272	1323
1273	1274
1273	1324
1274	1275
1274	1325
1275	1326
1276	1277
1276	1327
1277	1278
1277	1328
1278	1279
1278	1329
1279	1280
1279	1330
1280	1281
1280	1331
1281	1282
1281	1332
1282	1283
1282	1333
1283	1284
1283	1334
1284	1285
1284	1335
1285	1286
1285	1336
1286	1287
1286	1337
1287	1288
1287	1338
1288	1289
1288	1339
1289	1290
1289	1340
1290	1291
1290	1341
1291	1292
1291	1342
1292	1293
1292	1343
1293	1294
1293	1344
1294	1295
1294	1345
1295	1296
1295	1346
1296	1297
1296	1347
1297	1298
1297	1348
1298	1299
1298	1349
1299	1300
1299	1350
1300	1301
1300	1351
1301	1302
1301	1352
1302	1303
1302	1353
1303	1304
1303	1354
1304	1305
1304	1355
1305	1306
1305	1356
1306	1307
1306	1357
1307	1308
1307	1358
1308	1309
1308	1359
1309	1310
1309	1360
1310	1311
1310	1361
1311	1312
1311	1362
1312	1313
1312	1363
1313	1314
1313	1364
1314	1315
1314	1365
1315	1316
1315	1366
1316	1317
1316	1367
1317	1318
1317	1368
1318	1319
1318	1369
1319	1320
1319	1370
1320	1321
1320	1371
1321	1322
1321	1372
1322	1323
1322	1373
1323	1324
1323	1374
1324	1325
1324	1375
1325	1326
1325	1376
1326	1377
1327	1328
1327	1378
1328	1329
1328	1379
1329	1330
1329	1380
1330	1331
1330	1381
1331	1332
1331	1382
1332	1333
1332	1383
1333	1334
1333	1384
1334	1335
1334	1385
1335	1336
1335	1386
1336	1337
1336	1387
1337	1338
1337	1388
1338	1339
1338	1389
1339	1340
1339	1390
1340	1341
1340	1391
1341	1342
1341	1392
1342	1343
1342	1393
1343	1344
1343	1394
1344	1345
1344	1395
1345	1346
1345	1396
1346	1347
1346	1397
1347	1348
1347	1398
1348	1349
1348	1399
1349	1350
1349	1400
1350	1351
1350	1401
1351	1352
1351	1402
1352	1353
1352	1403
1353	1354
1353	1404
1354	1355
1354	1405
1355	1356
1355	1406
1356	1357
1356	1407
1357	1358
1357	1408
1358	1359
1358	1409
1359	1360
1359	1410
1360	1361
1360	1411
1361	1362
1361	1412
1362	1363
1362	1413
1363	1364
1363	1414
1364	1365
1364	1415
1365	1366
1365	1416
1366	1367
1366	1417
1367	1368
1367	1418
1368	1369
1368	1419
1369	1370
1369	1420
1370	1371
1370	1421
1371	1372
1371	1422
1372	1373
1372	1423
1373	1374
1373	1424
1374	1375
1374	1425
1375	1376
1375	1426
1376	1377
1376	1427
1377	1428
1378	1379
1378	1429
1379	1380
1379	1430
1380	1381
1380	1431
1381	1382
1381	1432
1382	1383
1382	1433
1383	1384
1383	1434
1384	1385
1384	1435
1385	1386
1385	1436
1386	1387
1386	1437
1387	1388
1387	1438
1388	1389
1388	1439
1389	1390
1389	1440
1390	1391
1390	1441
1391	1392
1391	1442
1392	1393
1392	1443
1393	1394
1393	1444
1394	1395
1394	1445
1395	1396
1395	1446
1396	1397
1396	1447
1397	1398
1397	1448
1398	1399
1398	1449
1399	1400
1399	1450
1400	1401
1400	1451
1401	1402
1401	1452
1402	1403
1402	1453
1403	1404
1403	1454
1404	1405
1404	1455
1405	1406
1405	1456
1406	1407
1406	1457
1407	1408
1407	1458
1408	1409
1408	1459
1409	1410
1409	1460
1410	1411
1410	1461
1411	1412
1411	1462
1412	1413
1412	1463
1413	1414
1413	1464
1414	1415
1414	1465
1415	1416
1415	1466
1416	1417
1416	1467
1417	1418
1417	1468
1418	1419
1418	1469
1419	1420
1419	1470
1420	1421
1420	1471
1421	1422
1421	1472
1422	1423
1422	1473
1423	1424
1423	1474
1424	1425
1424	1475
1425	1426
1425	1476
1426	1427
1426	1477
1427	1428
1427	1478
1428	1479
1429	1430
1429	1480
1430	1431
1430	1481
1431	1432
1431	1482
1432	1433
1432	1483
1433	1434
1433	1484
1434	1435
1434	1485
1435	1436
1435	1486
1436	1437
1436	1487
1437	1438
1437	1488
1438	1439
1438	1489
1439	1440
1439	1490
1440	1441
1440	1491
1441	1442
1441	1492
1442	1443
1442	1493
1443	1444
1443	1494
1444	1445
1444	1495
1445	1446
1445	1496
1446	1447
1446	1497
1447	1448
1447	1498
1448	1449
1448	1499
1449	1450
1449	1500
1450	1451
1450	1501
1451	1452
1451	1502
1452	1453
1452	1503
1453	1454
1453	1504
1454	1455
1454	1505
1455	1456
1455	1506
1456	1457
1456	1507
1457	1458
1457	1508
1458	1459
1458	1509
1459	1460
1459	1510
1460	1461
1460	1511
1461	1462
1461	1512
1462	1463
1462	1513
1463	1464
1463	1514
1464	1465
1464	1515
1465	1466
1465	1516
1466	1467
1466	1517
1467	1468
1467	1518
1468	1469
1468	1519
1469	1470
1469	1520
1470	1471
1470	1521
1471	1472
1471	1522
1472	1473
1472	1523
1473	1474
1473	1524
1474	1475
1474	1525
1475	1476
1475	1526
1476	1477
1476	1527
1477	1478
1477	1528
1478	1479
1478	1529
1479	1530
1480	1481
1480	1531
1481	1482
1481	1532
1482	1483
1482	1533
1483	1484
1483	1534
1484	1485
1484	1535
1485	1486
1485	1536
1486	1487
1486	1537
1487	1488
1487	1538
1488	1489
1488	1539
1489	1490
1489	1540
1490	1491
1490	1541
1491	1492
1491	1542
1492	1493
1492	1543
1493	1494
1493	1544
1494	1495
1494	1545
1495	1496
1495	1546
1496	1497
1496	1547
1497	1498
1497	1548
1498	1499
1498	1549
1499	1500
1499	1550
1500	1501
1500	1551
1501	1502
1501	1552
1502	1503
1502	1553
1503	1504
1503	1554
1504	1505
1504	1555
1505	1506
1505	1556
1506	1507
1506	1557
1507	1508
1507	1558
1508	1509
1508	1559
1509	1510
1509	1560
1510	1511
1510	1561
1511	1512
1511	1562
1512	1513
1512	1563
1513	1514
1513	1564
1514	1515
1514	1565
1515	1516
1515	1566
1516	1517
1516	1567
1517	1518
1517	1568
1518	1519
1518	1569
1519	1520
1519	1570
1520	1521
1520	1571
1521	1522
1521	1572
1522	1523
1522	1573
1523	1524
1523	1574
1524	1525
1524	1575
1525	1526
1525	1576
1526	1527
1526	1577
1527	1528
1527	1578
1528	1529
1528	1579
1529	1530
1529	1580
1530	1581
1531	1532
1531	1582
1532	1533
1532	1583
1533	1534
1533	1584
1534	1535
1534	1585
1535	1536
1535	1586
1536	1537
1536	1587
1537	1538
1537	1588
1538	1539
1538	1589
1539	1540
1539	1590
1540	1541
1540	1591
1541	1542
1541	1592
1542	1543
1542	1593
1543	1544
1543	1594
1544	1545
1544	1595
1545	1546
1545	1596
1546	1547
1546	1597
1547	1548
1547	1598
1548	1549
1548	1599
1549	1550
1549	1600
1550	1551
1550	1601
1551	1552
1551	1602
1552	1553
1552	1603
1553	1554
1553	1604
1554	1555
1554	1605
1555	1556
1555	1606
1556	1557
1556	1607
1557	1558
1557	1608
1558	1559
1558	1609
1559	1560
1559	1610
1560	1561
1560	1611
1561	1562
1561	1612
1562	1563
1562	1613
1563	1564
1563	1614
1564	1565
1564	1615
1565	1566
1565	1616
1566	1567
1566	1617
1567	1568
1567	1618
1568	1569
1568	1619
1569	1570
1569	1620
1570	1571
1570	1621
1571	1572
1571	1622
1572	1573
1572	1623
1573	1574
1573	1624
1574	1575
1574	1625
1575	1576
1575	1626
1576	1577
1576	1627
1577	1578
1577	1628
1578	1579
1578	1629
1579	1580
1579	1630
1580	1581
1580	1631
1581	1632
1582	1583
1582	1633
1583	1584
1583	1634
1584	1585
1584	1635
1585	1586
1585	1636
1586	1587
1586	1637
1587	1588
1587	1638
1588	1589
1588	1639
1589	1590
1589	1640
1590	1591
1590	1641
1591	1592
1591	1642
1592	1593
1592	1643
1593	1594
1593	1644
1594	1595
1594	1645
1595	1596
1595	1646
1596	1597
1596	1647
1597	1598
1597	1648
1598	1599
1598	1649
1599	1600
1599	1650
1600	1601
1600	1651
1601	1602
1601	1652
1602	1603
1602	1653
1603	1604
1603	1654
1604	1605
1604	1655
1605	1606
1605	1656
1606	1607
1606	1657
1607	1608
1607	1658
1608	1609
1608	1659
1609	1610
1609	1660
1610	1611
1610	1661
1611	1612
1611	1662
1612	1613
1612	1663
1613	1614
1613	1664
1614	1615
1614	1665
1615	1616
1615	1666
1616	1617
1616	1667
1617	1618
1617	1668
1618	1619
1618	1669
1619	1620
1619	1670
1620	1621
1620	1671
1621	1622
1621	1672
1622	1623
1622	1673
1623	1624
1623	1674
1624	1625
1624	1675
1625	1626
1625	1676
1626	1627
1626	1677
1627	1628
1627	1678
1628	1629
1628	1679
1629	1630
1629	1680
1630	1631
1630	1681
1631	1632
1631	1682
1632	1683
1633	1634
1633	1684
1634	1635
1634	1685
1635	1636
1635	1686
1636	1637
1636	1687
1637	1638
1637	1688
1638	1639
1638	1689
1639	1640
1639	1690
1640	1641
1640	1691
1641	1642
1641	1692
1642	1643
1642	1693
1643	1644
1643	1694
1644	1645
1644	1695
1645	1646
1645	1696
1646	1647
1646	1697
1647	1648
1647	1698
1648	1649
1648	1699
1649	1650
1649	1700
1650	1651
1650	1701
1651	1652
1651	1702
1652	1653
1652	1703
1653	1654
1653	1704
1654	1655
1654	1705
1655	1656
1655	1706
1656	1657
1656	1707
1657	1658
1657	1708
1658	1659
1658	1709
1659	1660
1659	1710
1660	1661
1660	1711
1661	1662
1661	1712
1662	1663
1662	1713
1663	1664
1663	1714
1664	1665
1664	1715
1665	1666
1665	1716
1666	1667
1666	1717
1667	1668
1667	1718
1668	1669
1668	1719
1669	1670
1669	1720
1670	1671
1670	1721
1671	1672
1671	1722
1672	1673
1672	1723
1673	1674
1673	1724
1674	1675
1674	1725
1675	1676
1675	1726
1676	1677
1676	1727
1677	1678
1677	1728
1678	1679
1678	1729
1679	1680
1679	1730
1680	1681
1680	1731
1681	1682
1681	1732
1682	1683
1682	1733
1683	1734
1684	1685
1684	1735
1685	1686
1685	1736
1686	1687
1686	1737
1687	1688
1687	1738
1688	1689
1688	1739
1689	1690
1689	1740
1690	1691
1690	1741
1691	1692
1691	1742
1692	1693
1692	1743
1693	1694
1693	1744
1694	1695
1694	1745
1695	1696
1695	1746
1696	1697
1696	1747
1697	1698
1697	1748
1698	1699
1698	1749
1699	1700
1699	1750
1700	1701
1700	1751
1701	1702
1701	1752
1702	1703
1702	1753
1703	1704
1703	1754
1704	1705
1704	1755
1705	1706
1705	1756
1706	1707
1706	1757
1707	1708
1707	1758
1708	1709
1708	1759
1709	1710
1709	1760
1710	1711
1710	1761
1711	1712
1711	1762
1712	1713
1712	1763
1713	1714
1713	1764
1714	1715
1714	1765
1715	1716
1715	1766
1716	1717
1716	1767
1717	1718
1717	1768
1718	1719
1718	1769
1719	1720
1719	1770
1720	1721
1720	1771
1721	1722
1721	1772
1722	1723
1722	1773
1723	1724
1723	1774
1724	1725
1724	1775
1725	1726
1725	1776
1726	1727
1726	1777
1727	1728
1727	1778
1728	1729
1728	1779
1729	1730
1729	1780
1730	1731
1730	1781
1731	1732
1731	1782
1732	1733
1732	1783
1733	1734
1733	1784
1734	1785
1735	1736
1735	1786
1736	1737
1736	1787
1737	1738
1737	1788
1738	1739
1738	1789
1739	1740
1739	1790
1740	1741
1740	1791
1741	1742
1741	1792
1742	1743
1742	1793
1743	1744
1743	1794
1744	1745
1744	1795
1745	1746
1745	1796
1746	1747
1746	1797
1747	1748
1747	1798
1748	1749
1748	1799
1749	1750
1749	1800
1750	1751
1750	1801
1751	1752
1751	1802
1752	1753
1752	1803
1753	1754
1753	1804
1754	1755
1754	1805
1755	1756
1755	1806
1756	1757
1756	1807
1757	1758
1757	1808
1758	1759
1758	1809
1759	1760
1759	1810
1760	1761
1760	1811
1761	1762
1761	1812
1762	1763
1762	1813
1763	1764
1763	1814
1764	1765
1764	1815
1765	1766
1765	1816
1766	1767
1766	1817
1767	1768
1767	1818
1768	1769
1768	1819
1769	1770
1769	1820
1770	1771
1770	1821
1771	1772
1771	1822
1772	1773
1772	1823
1773	1774
1773	1824
1774	1775
1774	1825
1775	1776
1775	1826
1776	1777
1776	1827
1777	1778
1777	1828
1778	1779
1778	1829
1779	1780
1779	1830
1780	1781
1780	1831
1781	1782
1781	1832
1782	1783
1782	1833
1783	1784
1783	1834
1784	1785
1784	1835
1785	1836
1786	1787
1786	1837
1787	1788
1787	1838
1788	1789
1788	1839
1789	1790
1789	1840
1790	1791
1790	1841
1791	1792
1791	1842
1792	1793
1792	1843
1793	1794
1793	1844
1794	1795
1794	1845
1795	1796
1795	1846
1796	1797
1796	1847
1797	1798
1797	1848
1798	1799
1798	1849
1799	1800
1799	1850
1800	1801
1800	1851
1801	1802
1801	1852
1802	1803
1802	1853
1803	1804
1803	1854
1804	1805
1804	1855
1805	1806
1805	1856
1806	1807
1806	1857
1807	1808
1807	1858
1808	1809
1808	1859
1809	1810
1809	1860
1810	1811
1810	1861
1811	1812
1811	1862
1812	1813
1812	1863
1813	1814
1813	1864
1814	1815
1814	1865
1815	1816
1815	1866
1816	1817
1816	1867
1817	1818
1817	1868
1818	1819
1818	1869
1819	1820
1819	1870
1820	1821
1820	1871
1821	1822
1821	1872
1822	1823
1822	1873
1823	1824
1823	1874
1824	1825
1824	1875
1825	1826
1825	1876
1826	1827
1826	1877
1827	1828
1827	1878
1828	1829
1828	1879
1829	1830
1829	1880
1830	1831
1830	1881
1831	1832
1831	1882
1832	1833
1832	1883
1833	1834
1833	1884
1834	1835
1834	1885
1835	1836
1835	1886
1836	1887
1837	1838
1837	1888
1838	1839
1838	1889
1839	1840
1839	1890
1840	1841
1840	1891
1841	1842
1841	1892
1842	1843
1842	1893
1843	1844
1843	1894
1844	1845
1844	1895
1845	1846
1845	1896
1846	1847
1846	1897
1847	1848
1847	1898
1848	1849
1848	1899
1849	1850
1849	1900
1850	1851
1850	1901
1851	1852
1851	1902
1852	1853
1852	1903
1853	1854
1853	1904
1854	1855
1854	1905
1855	1856
1855	1906
1856	1857
1856	1907
1857	1858
1857	1908
1858	1859
1858	1909
1859	1860
1859	1910
1860	1861
1860	1911
1861	1862
1861	1912
1862	1863
1862	1913
1863	1864
1863	1914
1864	1865
1864	1915
1865	1866
1865	1916
1866	1867
1866	1917
1867	1868
1867	1918
1868	1869
1868	1919
1869	1870
1869	1920
1870	1871
1870	1921
1871	1872
1871	1922
1872	1873
1872	1923
1873	1874
1873	1924
1874	1875
1874	1925
1875	1876
1875	1926
1876	1877
1876	1927
1877	1878
1877	1928
1878	1879
1878	1929
1879	1880
1879	1930
1880	1881
1880	1931
1881	1882
1881	1932
1882	1883
1882	1933
1883	1884
1883	1934
1884	1885
1884	1935
1885	1886
1885	1936
1886	1887
1886	1937
1887	1938
1888	1889
1888	1939
1889	1890
1889	1940
1890	1891
1890	1941
1891	1892
1891	1942
1892	1893
1892	1943
1893	1894
1893	1944
1894	1895
1894	1945
1895	1896
1895	1946
1896	1897
1896	1947
1897	1898
1897	1948
1898	1899
1898	1949
1899	1900
1899	1950
1900	1901
1900	1951
1901	1902
1901	1952
1902	1903
1902	1953
1903	1904
1903	1954
1904	1905
1904	1955
1905	1906
1905	1956
1906	1907
1906	1957
1907	1908
1907	1958
1908	1909
1908	1959
1909	1910
1909	1960
1910	1911
1910	1961
1911	1912
1911	1962
1912	1913
1912	1963
1913	1914
1913	1964
1914	1915
1914	1965
1915	1916
1915	1966
1916	1917
1916	1967
1917	1918
1917	1968
1918	1919
1918	1969
1919	1920
1919	1970
1920	1921
1920	1971
1921	1922
1921	1972
1922	1923
1922	1973
1923	1924
1923	1974
1924	1925
1924	1975
1925	1926
1925	1976
1926	1927
1926	1977
1927	1928
1927	1978
1928	1929
1928	1979
1929	1930
1929	1980
1930	1931
1930	1981
1931	1932
1931	1982
1932	1933
1932	1983
1933	1934
1933	1984
1934	1935
1934	1985
1935	1936
1935	1986
1936	1937
1936	1987
1937	1938
1937	1988
1938	1989
1939	1940
1939	1990
1940	1941
1940	1991
1941	1942
1941	1992
1942	1943
1942	1993
1943	1944
1943	1994
1944	1945
1944	1995
1945	1946
1945	1996
1946	1947
1946	1997
1947	1948
1947	1998
1948	1949
1948	1999
1949	1950
1949	2000
1950	1951
1950	2001
1951	1952
1951	2002
1952	1953
1952	2003
1953	1954
1953	2004
1954	1955
1954	2005
1955	1956
1955	2006
1956	1957
1956	2007
1957	1958
1957	2008
1958	1959
1958	2009
1959	1960
1959	2010
1960	1961
1960	2011
1961	1962
1961	2012
1962	1963
1962	2013
1963	1964
1963	2014
1964	1965
1964	2015
1965	1966
1965	2016
1966	1967
1966	2017
1967	1968
1967	2018
1968	1969
1968	2019
1969	1970
1969	2020
1970	1971
1970	2021
1971	1972
1971	2022
1972	1973
1972	2023
1973	1974
1973	2024
1974	1975
1974	2025
1975	1976
1975	2026
1976	1977
1976	2027
1977	1978
1977	2028
1978	1979
1978	2029
1979	1980
1979	2030
1980	1981
1980	2031
1981	1982
1981	2032
1982	1983
1982	2033
1983	1984
1983	2034
1984	1985
1984	2035
1985	1986
1985	2036
1986	1987
1986	2037
1987	1988
1987	2038
1988	1989
1988	2039
1989	2040
1990	1991
1990	2041
1991	1992
1991	2042
1992	1993
1992	2043
1993	1994
1993	2044
1994	1995
1994	2045
1995	1996
1995	2046
1996	1997
1996	2047
1997	1998
1997	2048
1998	1999
1998	2049
1999	2000
1999	2050
2000	2001
2000	2051
2001	2002
2001	2052
2002	2003
2002	2053
2003	2004
2003	2054
2004	2005
2004	2055
2005	2006
2005	2056
2006	2007
2006	2057
2007	2008
2007	2058
2008	2009
2008	2059
2009	2010
2009	2060
2010	2011
2010	2061
2011	2012
2011	2062
2012	2013
2012	2063
2013	2014
2013	2064
2014	2015
2014	2065
2015	2016
2015	2066
2016	2017
2016	2067
2017	2018
2017	2068
2018	2019
2018	2069
2019	2020
2019	2070
2020	2021
2020	2071
2021	2022
2021	2072
2022	2023
2022	2073
2023	2024
2023	2074
2024	2025
2024	2075
2025	2026
2025	2076
2026	2027
2026	2077
2027	2028
2027	2078
2028	2029
2028	2079
2029	2030
2029	2080
2030	2031
2030	2081
2031	2032
2031	2082
2032	2033
2032	2083
2033	2034
2033	2084
2034	2035
2034	2085
2035	2036
2035	2086
2036	2037
2036	2087
2037	2038
2037	2088
2038	2039
2038	2089
2039	2040
2039	2090
2040	2091
2041	2042
2041	2092
2042	2043
2042	2093
2043	2044
2043	2094
2044	2045
2044	2095
2045	2046
2045	2096
2046	2047
2046	2097
2047	2048
2047	2098
2048	2049
2048	2099
2049	2050
2049	2100
2050	2051
2050	2101
2051	2052
2051	2102
2052	2053
2052	2103
2053	2054
2053	2104
2054	2055
2054	2105
2055	2056
2055	2106
2056	2057
2056	2107
2057	2058
2057	2108
2058	2059
2058	2109
2059	2060
2059	2110
2060	2061
2060	2111
2061	2062
2061	2112
2062	2063
2062	2113
2063	2064
2063	2114
2064	2065
2064	2115
2065	2066
2065	2116
2066	2067
2066	2117
2067	2068
2067	2118
2068	2069
2068	2119
2069	2070
2069	2120
2070	2071
2070	2121
2071	2072
2071	2122
2072	2073
2072	2123
2073	2074
2073	2124
2074	2075
2074	2125
2075	2076
2075	2126
2076	2077
2076	2127
2077	2078
2077	2128
2078	2079
2078	2129
2079	2080
2079	2130
2080	2081
2080	2131
2081	2082
2081	2132
2082	2083
2082	2133
2083	2084
2083	2134
2084	2085
2084	2135
2085	2086
2085	2136
2086	2087
2086	2137
2087	2088
2087	2138
2088	2089
2088	2139
2089	2090
2089	2140
2090	2091
2090	2141
2091	2142
2092	2093
2092	2143
2093	2094
2093	2144
2094	2095
2094	2145
2095	2096
2095	2146
2096	2097
2096	2147
2097	2098
2097	2148
2098	2099
2098	2149
2099	2100
2099	2150
2100	2101
2100	2151
2101	2102
2101	2152
2102	2103
2102	2153
2103	2104
2103	2154
2104	2105
2104	2155
2105	2106
2105	2156
2106	2107
2106	2157
2107	2108
2107	2158
2108	2109
2108	2159
2109	2110
2109	2160
2110	2111
2110	2161
2111	2112
2111	2162
2112	2113
2112	2163
2113	2114
2113	2164
2114	2115
2114	2165
2115	2116
2115	2166
2116	2117
2116	2167
2117	2118
2117	2168
2118	2119
2118	2169
2119	2120
2119	2170
2120	2121
2120	2171
2121	2122
2121	2172
2122	2123
2122	2173
2123	2124
2123	2174
2124	2125
2124	2175
2125	2126
2125	2176
2126	2127
2126	2177
2127	2128
2127	2178
2128	2129
2128	2179
2129	2130
2129	2180
2130	2131
2130	2181
2131	2132
2131	2182
2132	2133
2132	2183
2133	2134
2133	2184
2134	2135
2134	2185
2135	2136
2135	2186
2136	2137
2136	2187
2137	2138
2137	2188
2138	2139
2138	2189
2139	2140
2139	2190
2140	2141
2140	2191
2141	2142
2141	2192
2142	2193
2143	2144
2143	2194
2144	2145
2144	2195
2145	2146
2145	2196
2146	2147
2146	2197
2147	2148
2147	2198
2148	2149
2148	2199
2149	2150
2149	2200
2150	2151
2150	2201
2151	2152
2151	2202
2152	2153
2152	2203
2153	2154
2153	2204
2154	2155
2154	2205
2155	2156
2155	2206
2156	2157
2156	2207
2157	2158
2157	2208
2158	2159
2158	2209
2159	2160
2159	2210
2160	2161
2160	2211
2161	2162
2161	2212
2162	2163
2162	2213
2163	2164
2163	2214
2164	2165
2164	2215
2165	2166
2165	2216
2166	2167
2166	2217
2167	2168
2167	2218
2168	2169
2168	2219
2169	2170
2169	2220
2170	2171
2170	2221
2171	2172
2171	2222
2172	2173
2172	2223
2173	2174
2173	2224
2174	2175
2174	2225
2175	2176
2175	2226
2176	2177
2176	2227
2177	2178
2177	2228
2178	2179
2178	2229
2179	2180
2179	2230
2180	2181
2180	2231
2181	2182
2181	2232
2182	2183
2182	2233
2183	2184
2183	2234
2184	2185
2184	2235
2185	2186
2185	2236
2186	2187
2186	2237
2187	2188
2187	2238
2188	2189
2188	2239
2189	2190
2189	2240
2190	2191
2190	2241
2191	2192
2191	2242
2192	2193
2192	2243
2193	2244
2194	2195
2194	2245
2195	2196
2195	2246
2196	2197
2196	2247
2197	2198
2197	2248
2198	2199
2198	2249
2199	2200
2199	2250
2200	2201
2200	2251
2201	2202
2201	2252
2202	2203
2202	2253
2203	2204
2203	2254
2204	2205
2204	2255
2205	2206
2205	2256
2206	2207
2206	2257
2207	2208
2207	2258
2208	2209
2208	2259
2209	2210
2209	2260
2210	2211
2210	2261
2211	2212
2211	2262
2212	2213
2212	2263
2213	2214
2213	2264
2214	2215
2214	2265
2215	2216
2215	2266
2216	2217
2216	2267
2217	2218
2217	2268
2218	2219
2218	2269
2219	2220
2219	2270
2220	2221
2220	2271
2221	2222
2221	2272
2222	2223
2222	2273
2223	2224
2223	2274
2224	2225
2224	2275
2225	2226
2225	2276
2226	2227
2226	2277
2227	2228
2227	2278
2228	2229
2228	2279
2229	2230
2229	2280
2230	2231
2230	2281
2231	2232
2231	2282
2232	2233
2232	2283
2233	2234
2233	2284
2234	2235
2234	2285
2235	2236
2235	2286
2236	2237
2236	2287
2237	2238
2237	2288
2238	2239
2238	2289
2239	2240
2239	2290
2240	2241
2240	2291
2241	2242
2241	2292
2242	2243
2242	2293
2243	2244
2243	2294
2244	2295
2245	2246
2245	2296
2246	2247
2246	2297
2247	2248
2247	2298
2248	2249
2248	2299
2249	2250
2249	2300
2250	2251
2250	2301
2251	2252
2251	2302
2252	2253
2252	2303
2253	2254
2253	2304
2254	2255
2254	2305
2255	2256
2255	2306
2256	2257
2256	2307
2257	2258
2257	2308
2258	2259
2258	2309
2259	2260
2259	2310
2260	2261
2260	2311
2261	2262
2261	2312
2262	2263
2262	2313
2263	2264
2263	2314
2264	2265
2264	2315
2265	2266
2265	2316
2266	2267
2266	2317
2267	2268
2267	2318
2268	2269
2268	2319
2269	2270
2269	2320
2270	2271
2270	2321
2271	2272
2271	2322
2272	2273
2272	2323
2273	2274
2273	2324
2274	2275
2274	2325
2275	2276
2275	2326
2276	2277
2276	2327
2277	2278
2277	2328
2278	2279
2278	2329
2279	2280
2279	2330
2280	2281
2280	2331
2281	2282
2281	2332
2282	2283
2282	2333
2283	2284
2283	2334
2284	2285
2284	2335
2285	2286
2285	2336
2286	2287
2286	2337
2287	2288
2287	2338
2288	2289
2288	2339
2289	2290
2289	2340
2290	2291
2290	2341
2291	2292
2291	2342
2292	2293
2292	2343
2293	2294
2293	2344
2294	2295
2294	2345
2295	2346
2296	2297
2296	2347
2297	2298
2297	2348
2298	2299
2298	2349
2299	2300
2299	2350
2300	2301
2300	2351
2301	2302
2301	2352
2302	2303
2302	2353
2303	2304
2303	2354
2304	2305
2304	2355
2305	2306
2305	2356
2306	2307
2306	2357
2307	2308
2307	2358
2308	2309
2308	2359
2309	2310
2309	2360
2310	2311
2310	2361
2311	2312
2311	2362
2312	2313
2312	2363
2313	2314
2313	2364
2314	2315
2314	2365
2315	2316
2315	2366
2316	2317
2316	2367
2317	2318
2317	2368
2318	2319
2318	2369
2319	2320
2319	2370
2320	2321
2320	2371
2321	2322
2321	2372
2322	2323
2322	2373
2323	2324
2323	2374
2324	2325
2324	2375
2325	2326
2325	2376
2326	2327
2326	2377
2327	2328
2327	2378
2328	2329
2328	2379
2329	2330
2329	2380
2330	2331
2330	2381
2331	2332
2331	2382
2332	2333
2332	2383
2333	2334
2333	2384
2334	2335
2334	2385
2335	2336
2335	2386
2336	2337
2336	2387
2337	2338
2337	2388
2338	2339
2338	2389
2339	2340
2339	2390
2340	2341
2340	2391
2341	2342
2341	2392
2342	2343
2342	2393
2343	2344
2343	2394
2344	2345
2344	2395
2345	2346
2345	2396
2346	2397
2347	2348
2347	2398
2348	2349
2348	2399
2349	2350
2349	2400
2350	2351
2350	2401
2351	2352
2351	2402
2352	2353
2352	2403
2353	2354
2353	2404
2354	2355
2354	2405
2355	2356
2355	2406
2356	2357
2356	2407
2357	2358
2357	2408
2358	2359
2358	2409
2359	2360
2359	2410
2360	2361
2360	2411
2361	2362
2361	2412
2362	2363
2362	2413
2363	2364
2363	2414
2364	2365
2364	2415
2365	2366
2365	2416
2366	2367
2366	2417
2367	2368
2367	2418
2368	2369
2368	2419
2369	2370
2369	2420
2370	2371
2370	2421
2371	2372
2371	2422
2372	2373
2372	2423
2373	2374
2373	2424
2374	2375
2374	2425
2375	2376
2375	2426
2376	2377
2376	2427
2377	2378
2377	2428
2378	2379
2378	2429
2379	2380
2379	2430
2380	2381
2380	2431
2381	2382
2381	2432
2382	2383
2382	2433
2383	2384
2383	2434
2384	2385
2384	2435
2385	2386
2385	2436
2386	2387
2386	2437
2387	2388
2387	2438
2388	2389
2388	2439
2389	2390
2389	2440
2390	2391
2390	2441
2391	2392
2391	2442
2392	2393
2392	2443
2393	2394
2393	2444
2394	2395
2394	2445
2395	2396
2395	2446
2396	2397
2396	2447
2397	2448
2398	2399
2398	2449
2399	2400
2399	2450
2400	2401
2400	2451
2401	2402
2401	2452
2402	2403
2402	2453
2403	2404
2403	2454
2404	2405
2404	2455
2405	2406
2405	2456
2406	2407
2406	2457
2407	2408
2407	2458
2408	2409
2408	2459
2409	2410
2409	2460
2410	2411
2410	2461
2411	2412
2411	2462
2412	2413
2412	2463
2413	2414
2413	2464
2414	2415
2414	2465
2415	2416
2415	2466
2416	2417
2416	2467
2417	2418
2417	2468
2418	2419
2418	2469
2419	2420
2419	2470
2420	2421
2420	2471
2421	2422
2421	2472
2422	2423
2422	2473
2423	2424
2423	2474
2424	2425
2424	2475
2425	2426
2425	2476
2426	2427
2426	2477
2427	2428
2427	2478
2428	2429
2428	2479
2429	2430
2429	2480
2430	2431
2430	2481
2431	2432
2431	2482
2432	2433
2432	2483
2433	2434
2433	2484
2434	2435
2434	2485
2435	2436
2435	2486
2436	2437
2436	2487
2437	2438
2437	2488
2438	2439
2438	2489
2439	2440
2439	2490
2440	2441
2440	2491
2441	2442
2441	2492
2442	2443
2442	2493
2443	2444
2443	2494
2444	2445
2444	2495
2445	2446
2445	2496
2446	2447
2446	2497
2447	2448
2447	2498
2448	2499
2449	2450
2449	2500
2450	2451
2450	2501
2451	2452
2451	2502
2452	2453
2452	2503
2453	2454
2453	2504
2454	2455
2454	2505
2455	2456
2455	2506
2456	2457
2456	2507
2457	2458
2457	2508
2458	2459
2458	2509
2459	2460
2459	2510
2460	2461
2460	2511
2461	2462
2461	2512
2462	2463
2462	2513
2463	2464
2463	2514
2464	2465
2464	2515
2465	2466
2465	2516
2466	2467
2466	2517
2467	2468
2467	2518
2468	2469
2468	2519
2469	2470
2469	2520
2470	2471
2470	2521
2471	2472
2471	2522
2472	2473
2472	2523
2473	2474
2473	2524
2474	2475
2474	2525
2475	2476
2475	2526
2476	2477
2476	2527
2477	2478
2477	2528
2478	2479
2478	2529
2479	2480
2479	2530
2480	2481
2480	2531
2481	2482
2481	2532
2482	2483
2482	2533
2483	2484
2483	2534
2484	2485
2484	2535
2485	2486
2485	2536
2486	2487
2486	2537
2487	2488
2487	2538
2488	2489
2488	2539
2489	2490
2489	2540
2490	2491
2490	2541
2491	2492
2491	2542
2492	2493
2492	2543
2493	2494
2493	2544
2494	2495
2494	2545
2495	2496
2495	2546
2496	2497
2496	2547
2497	2498
2497	2548
2498	2499
2498	2549
2499	2550
2500	2501
2500	2551
2501	2502
2501	2552
2502	2503
2502	2553
2503	2504
2503	2554
2504	2505
2504	2555
2505	2506
2505	2556
2506	2507
2506	2557
2507	2508
2507	2558
2508	2509
2508	2559
2509	2510
2509	2560
2510	2511
2510	2561
2511	2512
2511	2562
2512	2513
2512	2563
2513	2514
2513	2564
2514	2515
2514	2565
2515	2516
2515	2566
2516	2517
2516	2567
2517	2518
2517	2568
2518	2519
2518	2569
2519	2520
2519	2570
2520	2521
2520	2571
2521	2522
2521	2572
2522	2523
2522	2573
2523	2524
2523	2574
2524	2525
2524	2575
2525	2526
2525	2576
2526	2527
2526	2577
2527	2528
2527	2578
2528	2529
2528	2579
2529	2530
2529	2580
2530	2531
2530	2581
2531	2532
2531	2582
2532	2533
2532	2583
2533	2534
2533	2584
2534	2535
2534	2585
2535	2536
2535	2586
2536	2537
2536	2587
2537	2538
2537	2588
2538	2539
2538	2589
2539	2540
2539	2590
2540	2541
2540	2591
2541	2542
2541	2592
2542	2543
2542	2593
2543	2544
2543	2594
2544	2545
2544	2595
2545	2546
2545	2596
2546	2547
2546	2597
2547	2548
2547	2598
2548	2549
2548	2599
2549	2550
2549	2600
2550	2601
2551	2552
2552	2553
2553	2554
2554	2555
2555	2556
2556	2557
2557	2558
2558	2559
2559	2560
2560	2561
2561	2562
2562	2563
2563	2564
2564	2565
2565	2566
2566	2567
2567	2568
2568	2569
2569	2570
2570	2571
2571	2572
2572	2573
2573	2574
2574	2575
2575	2576
2576	2577
2577	2578
2578	2579
2579	2580
2580	2581
2581	2582
2582	2583
2583	2584
2584	2585
2585	2586
2586	2587
2587	2588
2588	2589
2589	2590
2590	2591
2591	2592
2592	2593
2593	2594
2594	2595
2595	2596
2596	2597
2597	2598
2598	2599
2599	2600
2600	2601
